0 0.590625 0.49609375 0.42578125 0.73046875
0 0.553125 0.3484375 0.0609375 0.10859375
0 0.428125 0.41171875 0.0671875 0.05078125
0 0.46015625 0.33125 0.05625 0.09140625
0 0.46640625 0.4859375 0.06015625 0.04609375
0 0.5125 0.54140625 0.0296875 0.11328125
0 0.5671875 0.50078125 0.02265625 0.13984375
0 0.653125 0.49375 0.090625 0.078125
0 0.64453125 0.33671875 0.06484375 0.0640625
0 0.74375 0.35703125 0.04921875 0.078125
0 0.7484375 0.5796875 0.034375 0.11796875
0 0.7859375 0.4703125 0.03984375 0.13515625
0 0.66484375 0.63203125 0.04296875 0.04765625
0 0.5890625 0.63359375 0.08125 0.06640625
0 0.534375 0.71875 0.090625 0.08359375
0 0.64140625 0.734375 0.065625 0.04921875
0 0.74375 0.7265625 0.03515625 0.03046875