1 0.50859375 0.43046875 0.0640625 0.10546875
1 0.528125 0.64453125 0.04921875 0.11484375
1 0.56484375 0.5265625 0.08515625 0.1234375
1 0.45703125 0.54609375 0.0578125 0.07734375
1 0.44765625 0.72578125 0.0953125 0.1015625
1 0.75703125 0.6328125 0.09296875 0.13125
2 0.62734375 0.80546875 0.128125 0.16171875
2 0.51875 0.96484375 0.05703125 0.0703125
1 0.5734375 0.8671875 0.0390625 0.08125
1 0.2515625 0.44140625 0.06640625 0.1671875
1 0.29609375 0.59609375 0.04921875 0.07734375
1 0.54296875 0.7546875 0.0546875 0.07109375
1 0.95859375 0.340625 0.02890625 0.0609375
2 0.61875 0.125 0.08984375 0.1734375
2 0.6375 0.96484375 0.09765625 0.0703125
2 0.67421875 0.903125 0.07421875 0.19296875
2 0.2734375 0.75 0.13984375 0.125
2 0.35390625 0.49140625 0.1 0.14296875
2 0.1078125 0.46640625 0.0921875 0.153125
2 0.1890625 0.36875 0.13515625 0.17265625
2 0.1765625 0.15546875 0.06484375 0.115625
2 0.4484375 0.1546875 0.0671875 0.0984375
2 0.35390625 0.2390625 0.0734375 0.1078125
2 0.34375 0.3578125 0.10078125 0.0703125
2 0.75859375 0.0515625 0.1546875 0.103125
2 0.95625 0.26796875 0.0875 0.1203125
2 0.86484375 0.45625 0.1328125 0.15703125
2 0.93515625 0.63203125 0.06953125 0.125
2 0.95625 0.77109375 0.06484375 0.09375
2 0.3453125 0.93828125 0.06953125 0.1234375
2 0.2296875 0.9265625 0.0921875 0.1234375
2 0.1703125 0.90625 0.06953125 0.1078125
2 0.1125 0.646875 0.05390625 0.08359375
2 0.16796875 0.62109375 0.0625 0.103125
2 0.23359375 0.55234375 0.065625 0.1046875
2 0.1421875 0.86328125 0.04765625 0.0734375
2 0.4265625 0.9484375 0.07890625 0.103125
2 0.803125 0.79921875 0.10234375 0.09453125
2 0.65 0.684375 0.09296875 0.11953125
2 0.63984375 0.45625 0.08984375 0.19296875
2 0.2796875 0.13125 0.06875 0.11640625
2 0.203125 0.0640625 0.115625 0.10234375
2 0.378125 0.065625 0.05546875 0.04453125