1 0.653125 0.3609375 0.09609375 0.15390625
1 0.5546875 0.63984375 0.05078125 0.11796875
1 0.61953125 0.59375 0.05859375 0.11796875
1 0.65390625 0.6796875 0.07109375 0.10703125
1 0.58125 0.73125 0.05546875 0.09140625
1 0.44765625 0.4375 0.05 0.084375
1 0.3734375 0.21171875 0.06796875 0.0796875
1 0.24140625 0.17109375 0.0609375 0.103125
1 0.303125 0.11171875 0.065625 0.13046875
1 0.0921875 0.18046875 0.06875 0.09453125
1 0.0734375 0.3625 0.0796875 0.0703125
1 0.08359375 0.29765625 0.06640625 0.07890625
1 0.4515625 0.10078125 0.09609375 0.08203125
1 0.43515625 0.0625 0.0578125 0.0640625
1 0.61015625 0.08125 0.06796875 0.0921875
1 0.71015625 0.11796875 0.09765625 0.153125
1 0.79375 0.0796875 0.07109375 0.13515625
2 0.91875 0.27734375 0.1375 0.1421875
1 0.88671875 0.1609375 0.03984375 0.115625
1 0.77265625 0.47734375 0.0546875 0.1140625
1 0.75859375 0.365625 0.05234375 0.07734375
1 0.8125 0.303125 0.075 0.08984375
1 0.8421875 0.50546875 0.0984375 0.1421875
1 0.86875 0.6625 0.0703125 0.11328125
1 0.89140625 0.609375 0.0859375 0.1125
1 0.775 0.7234375 0.10625 0.121875
1 0.68046875 0.81015625 0.08125 0.08828125
1 0.70078125 0.96953125 0.0890625 0.0609375
2 0.80625 0.90390625 0.096875 0.18515625
1 0.81953125 0.778125 0.071875 0.07109375
1 0.9296875 0.43515625 0.05546875 0.14375
1 0.9703125 0.16953125 0.05859375 0.109375
1 0.51328125 0.02890625 0.046875 0.0578125
1 0.53046875 0.42421875 0.04765625 0.10703125
1 0.13515625 0.18671875 0.0578125 0.14375
2 0.125 0.05859375 0.25 0.053125
1 0.11640625 0.0859375 0.08046875 0.034375
2 0.5953125 0.25390625 0.1140625 0.16328125
2 0.9484375 0.8203125 0.07734375 0.16953125
2 0.91796875 0.075 0.1296875 0.1078125
2 0.525 0.15859375 0.1578125 0.0140625
2 0.71015625 0.23359375 0.0625 0.115625
2 0.78828125 0.17578125 0.06953125 0.04921875
2 0.85703125 0.3921875 0.1140625 0.07578125
2 0.9875 0.64921875 0.025 0.0984375