1 0.58671875 0.72421875 0.19296875 0.221875
0 0.647475325 0.6789990015625 0.6181468 0.641688953125 0.554157484375 0.6683389109375 0.5403333031249999 0.740444446875 0.626145553125 0.7429587375 0.647475325 0.6789990015625
1 0.2828125 0.25703125 0.15546875 0.12265625
0 0.25953975625000003 0.24549286874999998 0.31019795 0.2774728734375 0.331527721875 0.2490462109375 0.29953311562499996 0.2206195828125 0.25953975625000003 0.24549286874999998
1 0.52734375 0.32109375 0.16015625 0.21484375
1 0.6609375 0.50703125 0.18828125 0.22265625
1 0.44921875 0.58984375 0.23828125 0.21015625
1 0.1734375 0.20703125 0.13671875 0.21796875
1 0.3859375 0.15703125 0.17734375 0.13515625
1 0.70078125 0.30390625 0.1515625 0.1140625
1 0.8375 0.39921875 0.15546875 0.1796875
2 0.3703125 0.95546875 0.0828125 0.06171875
2 0.19609375 0.76015625 0.0609375 0.11875
2 0.24609375 0.65546875 0.0453125 0.096875
2 0.91484375 0.1640625 0.10546875 0.09140625