1 0.5765625 0.49140625 0.15234375 0.2921875
1 0.4390625 0.6359375 0.1015625 0.33046875
1 0.24765625 0.51875 0.178125 0.296875
1 0.06171875 0.3046875 0.0921875 0.13828125
1 0.06015625 0.484375 0.10625 0.21328125
1 0.359375 0.15 0.184375 0.18359375
1 0.534375 0.25703125 0.0984375 0.2375
1 0.9171875 0.44453125 0.1640625 0.21328125
1 0.72734375 0.5484375 0.1171875 0.28125
1 0.4203125 0.86171875 0.1796875 0.1515625
1 0.28828125 0.87578125 0.09921875 0.1953125
1 0.534375 0.91640625 0.10859375 0.1671875
1 0.321875 0.05703125 0.16953125 0.1140625
2 0.6609375 0.84453125 0.18125 0.29765625
2 0.815625 0.49765625 0.13046875 0.2390625
2 0.8375 0.82578125 0.14140625 0.25546875
2 0.11875 0.8140625 0.15625 0.371875
2 0.803125 0.1390625 0.33203125 0.25234375