1 0.5265625 0.2375 0.1609375 0.2265625
1 0.68359375 0.43203125 0.153125 0.234375
1 0.49765625 0.53046875 0.18203125 0.22734375
1 0.3859375 0.71796875 0.12734375 0.2296875
1 0.5046875 0.78203125 0.07265625 0.21953125
1 0.3265625 0.5234375 0.13203125 0.14609375
2 0.2671875 0.15625 0.23125 0.06953125
2 0.19453125 0.3109375 0.15703125 0.14453125
2 0.35625 0.3703125 0.08046875 0.18671875
2 0.73671875 0.81953125 0.16796875 0.26171875
2 0.57578125 0.81640625 0.08125 0.15078125
2 0.94453125 0.46796875 0.1109375 0.15
2 0.30234375 0.88203125 0.1125 0.10625
2 0.14765625 0.7203125 0.13984375 0.2546875
2 0.4390625 0.08046875 0.075 0.15
2 0.73046875 0.64765625 0.15 0.12265625
2 0.0453125 0.4046875 0.090625 0.2125