1 0.63828125 0.48671875 0.15625 0.2609375
1 0.4859375 0.35625 0.08515625 0.16953125
1 0.27109375 0.36953125 0.071875 0.14296875
1 0.609375 0.80234375 0.13515625 0.1328125
1 0.23359375 0.0984375 0.1328125 0.1203125
1 0.39375 0.0375 0.1203125 0.075
2 0.8046875 0.184375 0.38984375 0.18671875
1 0.73515625 0.05234375 0.07578125 0.06328125
1 0.33203125 0.2328125 0.11015625 0.07421875
1 0.715625 0.81875 0.03984375 0.10390625
1 0.77265625 0.7484375 0.1015625 0.07421875
1 0.721875 0.703125 0.07578125 0.0625
1 0.7515625 0.603125 0.053125 0.059375
1 0.89140625 0.61796875 0.1015625 0.065625
1 0.90546875 0.965625 0.05 0.06875
2 0.36796875 0.79375 0.128125 0.190625
2 0.0703125 0.46171875 0.140625 0.2109375
2 0.103125 0.68359375 0.1625 0.1796875
2 0.2390625 0.72421875 0.08359375 0.13671875
2 0.325 0.5578125 0.15234375 0.13671875
2 0.1890625 0.19609375 0.10390625 0.0984375
2 0.0671875 0.2140625 0.11328125 0.2265625
2 0.86171875 0.76875 0.09375 0.140625
2 0.81953125 0.94765625 0.08515625 0.10390625
2 0.96796875 0.7453125 0.0640625 0.103125
2 0.05546875 0.95234375 0.1109375 0.0953125