0 0.6390625 0.80234375 0.04921875 0.0859375
0 0.74921875 0.74765625 0.078125 0.0921875
0 0.8796875 0.81640625 0.06171875 0.08046875
0 0.81015625 0.8625 0.08515625 0.08515625
0 0.6796875 0.95546875 0.10234375 0.08046875
0 0.5453125 0.95703125 0.090625 0.0859375
0 0.353125 0.921875 0.0953125 0.05546875
0 0.08671875 0.9125 0.1078125 0.0734375
0 0.12265625 0.8609375 0.084375 0.07734375
0 0.0640625 0.7828125 0.08359375 0.07421875
0 0.09765625 0.6421875 0.05546875 0.084375
0 0.146875 0.61328125 0.065625 0.0953125
1 0.27265625 0.7109375 0.16796875 0.25
0 0.21484375 0.5984375 0.05 0.05703125
0 0.02578125 0.48671875 0.0515625 0.1109375
1 0.2734375 0.4015625 0.14140625 0.1359375
0 0.2484375 0.30859375 0.06484375 0.05625
0 0.39296875 0.34921875 0.0328125 0.10859375
0 0.27890625 0.70078125 0.03359375 0.1375
1 0.87265625 0.509375 0.134375 0.2125
0 0.8671875 0.503125 0.08515625 0.07890625
1 0.09140625 0.31171875 0.14765625 0.24296875
1 0.34765625 0.1546875 0.15078125 0.234375
1 0.925 0.290625 0.15 0.18046875
1 0.66796875 0.2109375 0.15 0.24453125
1 0.5015625 0.08203125 0.16328125 0.1640625
2 0.10234375 0.1453125 0.1328125 0.10078125
1 0.125 0.03984375 0.13203125 0.0796875
2 0.7140625 0.4828125 0.17109375 0.19609375
2 0.2078125 0.15625 0.1 0.12109375
2 0.840625 0.1625 0.12265625 0.18984375
2 0.9515625 0.06796875 0.09609375 0.1359375
2 0.771875 0.05 0.09609375 0.1