1 0.26640625 0.0984375 0.234375 0.178125
1 0.1125 0.2984375 0.2171875 0.28125
1 0.3921875 0.2578125 0.20234375 0.153125
1 0.4078125 0.51328125 0.23359375 0.3171875
1 0.38515625 0.84375 0.21328125 0.3125
1 0.13828125 0.6953125 0.2046875 0.278125
1 0.66953125 0.875 0.2171875 0.24921875
1 0.69453125 0.66875 0.2046875 0.18828125
1 0.8890625 0.509375 0.21796875 0.30546875
1 0.57734375 0.45 0.28515625 0.33671875
1 0.66171875 0.13515625 0.2328125 0.21328125
1 0.87421875 0.315625 0.14140625 0.1421875
1 0.89765625 0.16796875 0.2046875 0.22734375
1 0.9140625 0.88359375 0.171875 0.2328125